  0.000000000000000E+000
           1   2.01200642404645       -3.51749727643988     
  0.000000000000000E+000  0.000000000000000E+000   5.47381008338375     
  0.000000000000000E+000
           2   8.81110981577379        5.58536209958390     
  0.000000000000000E+000  0.000000000000000E+000   4.40438034045481     
  0.000000000000000E+000
           3 -0.341629782662605       -3.50875670342847     
  0.000000000000000E+000  0.000000000000000E+000  0.312385669783977     
  0.000000000000000E+000
           4   5.64848632949572        3.34169336047405     
  0.000000000000000E+000  0.000000000000000E+000   5.82106800867165     
  0.000000000000000E+000
           5  -6.48793648108610       -7.62219844146704     
  0.000000000000000E+000  0.000000000000000E+000  0.760753667811295     
  0.000000000000000E+000
           6   9.13467977994318      -0.311516442923908     
  0.000000000000000E+000  0.000000000000000E+000  0.123558978726399     
  0.000000000000000E+000
           7   1.54758838071507        7.58668092498342     
  0.000000000000000E+000  0.000000000000000E+000   3.38675245561719     
  0.000000000000000E+000
           8  -9.77888297542333        1.23140466290361     
  0.000000000000000E+000  0.000000000000000E+000  0.159719860300638     
  0.000000000000000E+000
           9   6.86415366738489      -0.458580684973261     
  0.000000000000000E+000  0.000000000000000E+000   4.81962983801854     
  0.000000000000000E+000
          10  -7.83675445762464        2.83159661474860     
  0.000000000000000E+000  0.000000000000000E+000   4.99215472317811     
  0.000000000000000E+000
          11  -2.27205318933800       0.921084735218595     
  0.000000000000000E+000  0.000000000000000E+000   4.59371318655866     
  0.000000000000000E+000
          12  -4.28322155642971       -7.31905109059492     
  0.000000000000000E+000  0.000000000000000E+000   1.32871132341261     
  0.000000000000000E+000
          13  -1.10537870010274        2.88403939869232     
  0.000000000000000E+000  0.000000000000000E+000   4.72681466911205     
  0.000000000000000E+000
          14  -7.11484850273497       -2.30160480272679     
  0.000000000000000E+000  0.000000000000000E+000   3.96475501624383     
  0.000000000000000E+000
          15  -5.52500618329886       0.181132429032427     
  0.000000000000000E+000  0.000000000000000E+000  0.769784197103655     
  0.000000000000000E+000
          16  -2.22564212807855      -0.495973453598598     
  0.000000000000000E+000  0.000000000000000E+000   6.08152865143466     
  0.000000000000000E+000
          17 -0.531584571877842        5.38653744533216     
  0.000000000000000E+000  0.000000000000000E+000   5.26185374079074     
  0.000000000000000E+000
          18  -9.40810930464826       -1.38257399852764     
  0.000000000000000E+000  0.000000000000000E+000   2.08466660217896     
  0.000000000000000E+000
          19   6.42313089356467       -5.18390562337734     
  0.000000000000000E+000  0.000000000000000E+000   4.68746153046400     
  0.000000000000000E+000
          20 -0.449156343524823        7.87112968983384     
  0.000000000000000E+000  0.000000000000000E+000   4.11532517794066     
  0.000000000000000E+000
          21  -3.36785480757602        1.58994502562558     
  0.000000000000000E+000  0.000000000000000E+000   3.79306022594533     
  0.000000000000000E+000
          22  -3.60209953207959       -4.30236788595757     
  0.000000000000000E+000  0.000000000000000E+000   4.69100525654611     
  0.000000000000000E+000
          23   2.39989644561530      -0.961027950834477     
  0.000000000000000E+000  0.000000000000000E+000   4.24958933223858     
  0.000000000000000E+000
          24   5.66096444130353       -8.46106286151556     
  0.000000000000000E+000  0.000000000000000E+000   2.86508578404192     
  0.000000000000000E+000
          25  -5.76388002604579       -4.63971747907460     
  0.000000000000000E+000  0.000000000000000E+000   1.19427359095187     
  0.000000000000000E+000
          26   6.99242414542508        4.47170118743705     
  0.000000000000000E+000  0.000000000000000E+000   1.61271903214313     
  0.000000000000000E+000
          27  -1.23332749492746        4.27566484131753     
  0.000000000000000E+000  0.000000000000000E+000  0.972702701665291     
  0.000000000000000E+000
          28  -1.11195894679404       -2.08887104664347     
  0.000000000000000E+000  0.000000000000000E+000   6.03310150556722     
  0.000000000000000E+000
          29  -6.94648642076187       -5.15673173781429     
  0.000000000000000E+000  0.000000000000000E+000   5.80149698450247     
  0.000000000000000E+000
          30  0.661532828968305       -1.69257713197491     
  0.000000000000000E+000  0.000000000000000E+000   3.76307421649799     
  0.000000000000000E+000
          31  -2.40249121342952       -3.71807522566377     
  0.000000000000000E+000  0.000000000000000E+000   5.13654531678082     
  0.000000000000000E+000
          32   9.76919637609085       -2.82236254636315     
  0.000000000000000E+000  0.000000000000000E+000   4.35680404825679     
  0.000000000000000E+000
          33  0.319563730933304        4.43610864716958     
  0.000000000000000E+000  0.000000000000000E+000   5.69277210686877     
  0.000000000000000E+000
          34  -4.90062743357742        4.08282029298707     
  0.000000000000000E+000  0.000000000000000E+000   4.56178827222569     
  0.000000000000000E+000
          35   3.18075174835239       -2.22430325918137     
  0.000000000000000E+000  0.000000000000000E+000  0.966430630331527     
  0.000000000000000E+000
          36   3.50907661983714       -6.35494944974151     
  0.000000000000000E+000  0.000000000000000E+000   4.99196688156346     
  0.000000000000000E+000
          37   8.24115477115913        2.72522702102627     
  0.000000000000000E+000  0.000000000000000E+000   3.78122263177635     
  0.000000000000000E+000
          38  -3.94671368768932       0.535205961416980     
  0.000000000000000E+000  0.000000000000000E+000   5.53386349026608     
  0.000000000000000E+000
          39  -3.44362426640506       -1.35778464839278     
  0.000000000000000E+000  0.000000000000000E+000   5.46988847969514     
  0.000000000000000E+000
          40  -5.20276209101714       -1.17863342258428     
  0.000000000000000E+000  0.000000000000000E+000   1.25016419990649     
  0.000000000000000E+000
          41   1.59537819778615        4.94464962724033     
  0.000000000000000E+000  0.000000000000000E+000   5.60513652251205     
  0.000000000000000E+000
          42  -6.66067303186069      -0.647253853000098     
  0.000000000000000E+000  0.000000000000000E+000   2.91515051754628     
  0.000000000000000E+000
          43  -4.58322854729322       -5.18314170776029     
  0.000000000000000E+000  0.000000000000000E+000   4.04585602323625     
  0.000000000000000E+000
          44  -3.84568864588927        5.28939609521940     
  0.000000000000000E+000  0.000000000000000E+000   4.82188562560186     
  0.000000000000000E+000
          45   4.54311906862057       -1.52979300719805     
  0.000000000000000E+000  0.000000000000000E+000   3.75818015260688     
  0.000000000000000E+000
          46  -2.37400130148904        2.72559529394273     
  0.000000000000000E+000  0.000000000000000E+000   6.06084695640905     
  0.000000000000000E+000
          47   4.33635016085682        3.15427747587850     
  0.000000000000000E+000  0.000000000000000E+000   4.18475755780893     
  0.000000000000000E+000
          48 -0.920722195759192       -9.27053712112268     
  0.000000000000000E+000  0.000000000000000E+000   1.58284159170241     
  0.000000000000000E+000
          49   5.19607505765777        1.44511844124755     
  0.000000000000000E+000  0.000000000000000E+000   2.32363622264117     
  0.000000000000000E+000
          50   9.82146513909994        2.75036751377436     
  0.000000000000000E+000  0.000000000000000E+000   4.84963801067567     
  0.000000000000000E+000
          51   2.51837434749091        2.16416645511937     
  0.000000000000000E+000  0.000000000000000E+000   2.78498171187244     
  0.000000000000000E+000
          52   2.25631239734356       0.960733021534822     
  0.000000000000000E+000  0.000000000000000E+000   5.43822318944397     
  0.000000000000000E+000
          53   5.12294129974691       -4.15160803268593     
  0.000000000000000E+000  0.000000000000000E+000   2.58993076057166     
  0.000000000000000E+000
          54   2.47565554634339        4.08879007320196     
  0.000000000000000E+000  0.000000000000000E+000   3.07402439276905     
  0.000000000000000E+000
          55  -6.72815494478287        6.96008937608038     
  0.000000000000000E+000  0.000000000000000E+000   1.58754751846941     
  0.000000000000000E+000
          56   5.69509460594743       -1.92487872851672     
  0.000000000000000E+000  0.000000000000000E+000   4.61251158514288     
  0.000000000000000E+000
          57  -8.12831639117126       0.283448400297025     
  0.000000000000000E+000  0.000000000000000E+000   3.50608250373856     
  0.000000000000000E+000
          58   2.35503351758568       -7.53059051285763     
  0.000000000000000E+000  0.000000000000000E+000   3.02146598948892     
  0.000000000000000E+000
          59   3.41607117918200       -8.91362786514257     
  0.000000000000000E+000  0.000000000000000E+000   1.46434786169586     
  0.000000000000000E+000
          60 -0.622563410685739        10.1479893183745     
  0.000000000000000E+000  0.000000000000000E+000   1.38707004496313     
  0.000000000000000E+000
          61   1.03949649603176        2.46613870261806     
  0.000000000000000E+000  0.000000000000000E+000   2.26664830219855     
  0.000000000000000E+000
          62  -4.24905277598247        2.96135728730714     
  0.000000000000000E+000  0.000000000000000E+000   2.15578905333524     
  0.000000000000000E+000
          63   4.20641484537746       -7.90297928520873     
  0.000000000000000E+000  0.000000000000000E+000   4.17665909462347     
  0.000000000000000E+000
          64   7.17205468400225       -6.85184812340651     
  0.000000000000000E+000  0.000000000000000E+000   6.20555845573433     
  0.000000000000000E+000
          65  -1.21336021735410        1.45484737790869     
  0.000000000000000E+000  0.000000000000000E+000  0.106022791762606     
  0.000000000000000E+000
          66   3.58447582250681        1.40848683834271     
  0.000000000000000E+000  0.000000000000000E+000   1.89599414365475     
  0.000000000000000E+000
          67  -5.75698483229086       -2.99858533548025     
  0.000000000000000E+000  0.000000000000000E+000   3.71516502557452     
  0.000000000000000E+000
          68  0.975216269572211       -9.93574067523322     
  0.000000000000000E+000  0.000000000000000E+000   3.98036694213255     
  0.000000000000000E+000
          69  -5.13208433385007        1.59973931953071     
  0.000000000000000E+000  0.000000000000000E+000   5.73389570123062     
  0.000000000000000E+000
          70   5.41896638474255        8.44666683363474     
  0.000000000000000E+000  0.000000000000000E+000   5.44626086252916     
  0.000000000000000E+000
          71   1.34856829342170       -5.65169634619215     
  0.000000000000000E+000  0.000000000000000E+000   5.20011102918951     
  0.000000000000000E+000
          72  0.747589780178462       -4.43448678058858     
  0.000000000000000E+000  0.000000000000000E+000   5.54761663236971     
  0.000000000000000E+000
          73  -7.18958503527135       -3.81825756492860     
  0.000000000000000E+000  0.000000000000000E+000   3.81893011625688     
  0.000000000000000E+000
          74  -3.07273428717490       -9.29314526238882     
  0.000000000000000E+000  0.000000000000000E+000   4.60452913429153     
  0.000000000000000E+000
          75  -5.04099428256702        6.58543737655423     
  0.000000000000000E+000  0.000000000000000E+000   5.31378248362377     
  0.000000000000000E+000
          76   2.32873805587024        9.39924541416197     
  0.000000000000000E+000  0.000000000000000E+000   2.42286339685292     
  0.000000000000000E+000
          77  -4.89208169349266        9.03707002641061     
  0.000000000000000E+000  0.000000000000000E+000   3.08066324693816     
  0.000000000000000E+000
          78  -6.18549254658545        4.12658307751659     
  0.000000000000000E+000  0.000000000000000E+000   2.26665067505177     
  0.000000000000000E+000
          79  -2.03570166150770       -7.26162633839713     
  0.000000000000000E+000  0.000000000000000E+000  0.255404458283938     
  0.000000000000000E+000
          80   4.90150913299484        4.99943593084115     
  0.000000000000000E+000  0.000000000000000E+000   2.85938671140996     
  0.000000000000000E+000
          81   2.72725345336650       -4.99042861803078     
  0.000000000000000E+000  0.000000000000000E+000   5.73591822651697     
  0.000000000000000E+000
          82   8.19256730661535       -1.74023795631454     
  0.000000000000000E+000  0.000000000000000E+000   1.59229006500322     
  0.000000000000000E+000
          83  -2.09480527185972        5.38009877450023     
  0.000000000000000E+000  0.000000000000000E+000   1.14746220598273     
  0.000000000000000E+000
          84   8.08830474463344       -5.20238297558968     
  0.000000000000000E+000  0.000000000000000E+000  0.782735598625554     
  0.000000000000000E+000
          85  -7.74527309049473        1.47170850036077     
  0.000000000000000E+000  0.000000000000000E+000   2.86434998303230     
  0.000000000000000E+000
          86  -3.17649251909422       -5.64200319485730     
  0.000000000000000E+000  0.000000000000000E+000   2.07017124563260     
  0.000000000000000E+000
          87  -7.56906648720584        5.58415174206288     
  0.000000000000000E+000  0.000000000000000E+000   3.17860013613043     
  0.000000000000000E+000
          88  -9.53957619728273        4.46086908181239     
  0.000000000000000E+000  0.000000000000000E+000   4.42874317053731     
  0.000000000000000E+000
          89   6.62993507159138        5.65380690237623     
  0.000000000000000E+000  0.000000000000000E+000   4.21191210090513     
  0.000000000000000E+000
          90  -2.17197401320346        7.42892547426250     
  0.000000000000000E+000  0.000000000000000E+000   1.70721899412898     
  0.000000000000000E+000
          91  -9.82060343520193       -2.99519132825384     
  0.000000000000000E+000  0.000000000000000E+000   5.09399611454597     
  0.000000000000000E+000
          92   2.53232623118403        6.52296613990130     
  0.000000000000000E+000  0.000000000000000E+000   5.97862528682933     
  0.000000000000000E+000
          93   7.71625673327860       -3.58952279397336     
  0.000000000000000E+000  0.000000000000000E+000   1.07826199122282     
  0.000000000000000E+000
          94  -6.95064731018095       0.561535083018135     
  0.000000000000000E+000  0.000000000000000E+000   6.17702080838869     
  0.000000000000000E+000
          95   3.31541545897290        7.88326637619407     
  0.000000000000000E+000  0.000000000000000E+000   5.28203735607819     
  0.000000000000000E+000
          96   5.21080539268910      -0.545039409643397     
  0.000000000000000E+000  0.000000000000000E+000   3.75704380168547     
  0.000000000000000E+000
          97  -8.96230348859917        5.58430065048171     
  0.000000000000000E+000  0.000000000000000E+000   3.23453022924557     
  0.000000000000000E+000
          98   10.3614051369437      -1.601189562923568E-002
  0.000000000000000E+000  0.000000000000000E+000   4.44269442394091     
  0.000000000000000E+000
          99  -4.40606320137982       -3.26501237784600     
  0.000000000000000E+000  0.000000000000000E+000  0.153260105347384     
  0.000000000000000E+000
         100  -2.40995604328195       -2.07616989746088     
  0.000000000000000E+000  0.000000000000000E+000   1.86958135564499     
  0.000000000000000E+000
         101  -5.50051709974578       -6.78948546154694     
  0.000000000000000E+000  0.000000000000000E+000   5.08450801079283     
  0.000000000000000E+000
         102  -1.05525540758845        6.85125790390859     
  0.000000000000000E+000  0.000000000000000E+000  0.698854716553014     
  0.000000000000000E+000
         103  -8.95473390544114        2.37363359905772     
  0.000000000000000E+000  0.000000000000000E+000   2.59082980569037     
  0.000000000000000E+000
         104   9.26263575210515        4.41490381817738     
  0.000000000000000E+000  0.000000000000000E+000   2.09549618138304     
  0.000000000000000E+000
         105  -4.46356044876897       -8.89292925402030     
  0.000000000000000E+000  0.000000000000000E+000   1.60924625173900     
  0.000000000000000E+000
         106  -8.35883420553788       -2.77204781269841     
  0.000000000000000E+000  0.000000000000000E+000   4.83665798862333     
  0.000000000000000E+000
         107  -1.79751898276109       -4.99971217588860     
  0.000000000000000E+000  0.000000000000000E+000   4.07298925161518     
  0.000000000000000E+000
         108   7.97975984707946       4.941903255472635E-002
  0.000000000000000E+000  0.000000000000000E+000   4.25395125087979     
  0.000000000000000E+000
         109  -3.12332388778750        8.68356555036560     
  0.000000000000000E+000  0.000000000000000E+000   3.60915469494860     
  0.000000000000000E+000
         110  -9.91818503907148      -0.205538868339945     
  0.000000000000000E+000  0.000000000000000E+000   5.00630590190018     
  0.000000000000000E+000
         111   1.17110698173514       -7.17451963701288     
  0.000000000000000E+000  0.000000000000000E+000  0.690716637544399     
  0.000000000000000E+000
         112   1.08205568816822        9.27271759080910     
  0.000000000000000E+000  0.000000000000000E+000   1.53542020205427     
  0.000000000000000E+000
         113  -8.59959886944332       -5.56854080196439     
  0.000000000000000E+000  0.000000000000000E+000   4.73210762689163     
  0.000000000000000E+000
         114   8.18171185259426        1.27545975648885     
  0.000000000000000E+000  0.000000000000000E+000   2.62368739763002     
  0.000000000000000E+000
