783
1455
507
3028
2666
2139
999
1293
2103
660
1907
698
861
2214
685
606
603
713
430
304
301
419
1627
1256
2959
520
602
2560
852
610
1390
1939
1247
1563
1603
1368
1499
811
2335
466
1368
355
315
1167
606
1365
652
278
604
779
472
2097
415
923
498
834
4339
448
496
2716
927
2653
686
853
1043
1268
1386
1190
521
2124
586
1293
427
1070
1164
562
1454
695
706
1442
3863
619
1223
1389
908
395
434
3252
1454
377
457
1870
267
523
1387
832
1365
1631
411
279
910
235
705
690
1002
1747
471
272
208
1180
1904
489
1445
1065
1104
1214
1379
849
1966
1355
1384
228
613
740
968
1856
674
1564
1454
493
581
602
1244
597
1481
421
1337
947
2598
1519
1559
301
945
848
566
2891
2202
502
346
1025
912
433
362
1293
289
977
2696
995
653
411
946
1194
670
795
3139
1218
3543
1922
846
436
3652
508
417
1350
1486
483
432
894
467
991
349
580
439
1775
347
798
2161
160
2826
722
1253
2381
584
507
619
2316
693
2689
624
1379
