  0.339739880666579        320.107740276335     
  0.679479761333159        171.695970303599     
   1.01921964199974        86.5623294293532     
   1.35895952266632        48.0020583681943     
   1.69869940333290        38.2739866849991     
   2.03843928399948        40.5155558800245     
   2.37817916466606        16.3309635379501     
   2.71791904533263        3.84832565989975     
   3.05765892599921        5.00687917406218     
   3.39739880666579        14.1808660367318     
   3.73713868733237        29.2846845756558     
   4.07687856799895        46.7805120949884     
   4.41661844866553        43.2880352682539     
   4.75635832933209        27.3101925583606     
   5.09609820999867        6.48187721220666     
   5.43583809066525       -4.83248394562954     
   5.77557797133183       -5.77126507036972     
   6.11531785199841       -7.42159538001496     
   6.45505773266499       -10.8760015896335     
   6.79479761333157        3.07011561815397     
   7.13453749399813        22.3507190531884     
   7.47427737466471        14.6196221371474     
   7.81401725533129        9.26386183945318     
   8.15375713599787        4.43542174922729     
   8.49349701666445        3.11613838442003     
   8.83323689733103       -5.45894660576962     
   9.17297677799761       -1.41118794442886     
   9.51271665866417       -5.47946946226141     
   9.85245653933075       -6.66603130447253     
   10.1921964199973        20.8346611953103     
   10.5319363006639        42.0758185866997     
   10.8716761813305        40.7321577444936     
   11.2114160619971        26.2875868842515     
   11.5511559426636        14.4875634702179     
   11.8908958233302        10.8228593579857     
   12.2306357039968        15.0017378128582     
   12.5703755846634        20.6142408767726     
   12.9101154653299        12.1026528943141     
   13.2498553459965        8.66332413474363     
   13.5895952266631        6.91720376881782     
   13.9293351073297       -1.64588649497245     
   14.2690749879963        12.5116602955515     
   14.6088148686628        18.2156133483986     
   14.9485547493294        12.3758469942194     
   15.2882946299960       -14.0294685307411     
   15.6280345106626       -4.63203154797657     
   15.9677743913291       -6.49253389665930     
   16.3075142719957       -3.30389108570499     
   16.6472541526623       -10.9581598634123     
   16.9869940333289       -10.8496700008951     
   17.3267339139954       -22.7041816937014     
   17.6664737946620       -60.1550365344030     
   18.0062136753285       -60.7094827037525     
   18.3459535559951       -58.1108168263276     
   18.6856934366617       -59.9641461341662     
   19.0254333173283       -67.9157571993256     
   19.3651731979949       -77.3592087842173     
   19.7049130786614       -71.5244412591739     
   20.0446529593280       -41.1024498628194     
   20.3843928399946       -12.3685072607637     
   20.7241327206612       -1.38532696354960     
   21.0638726013277        10.1638390713909     
   21.4036124819943        5.18612066478808     
   21.7433523626609       -9.21384005321330     
   22.0830922433275       -22.5190028012202     
   22.4228321239942       -27.8730824397250     
   22.7625720046608       -24.5663045064263     
   23.1023118853274       -23.6489385092863     
   23.4420517659940       -19.5733823057017     
   23.7817916466605       -8.58269084323088     
   24.1215315273271       -2.72115405975991     
   24.4612714079937        16.6574767031366     
   24.8010112886603        36.5051749634727     
   25.1407511693270        34.9028457077362     
   25.4804910499936        22.6606437730406     
   25.8202309306602        4.39302046694816     
   26.1599708113268       -9.47343760972279     
   26.4997106919934       -8.18267166236377     
   26.8394505726599       -12.6388849538762     
   27.1791904533265       -17.5230988803669     
   27.5189303339931       -12.7615100061562     
   27.8586702146598       -14.3134271273963     
   28.1984100953264       -8.18495665518225     
   28.5381499759930       -7.11695086105944     
   28.8778898566596       -17.7976083577728     
   29.2176297373262       -5.25509207727123     
   29.5573696179927        2.47660865751258     
   29.8971094986593       -9.35444620581009     
   30.2368493793259       -39.9065282475231     
   30.5765892599926       -50.9995156197208     
   30.9163291406592       -65.9318265232613     
   31.2560690213258       -56.7500069722162     
   31.5958089019924       -47.0006050888750     
   31.9355487826590       -47.9259838576808     
   32.2752886633255       -59.6176023560904     
   32.6150285439921       -50.8251430992810     
   32.9547684246587       -36.8538180378010     
   33.2945083053255       -39.7473215006665     
   33.6342481859920       -42.7575708727145     
   33.9739880666586       -51.2842122003488     
   34.3137279473252       -57.9938459042339     
   34.6534678279918       -66.8628364000645     
   34.9932077086583       -50.6152249573330     
   35.3329475893249       -22.4028042789409     
   35.6726874699917       -1.35978886287021     
   36.0124273506583       -10.9526283733637     
   36.3521672313248       -31.8527291243591     
   36.6919071119914       -45.8365662661107     
   37.0316469926580       -31.2730077328607     
   37.3713868733246       -17.2975221823138     
   37.7111267539912       -24.1227507584951     
   38.0508666346577       -28.4164698277597     
   38.3906065153245       -29.0847263648177     
   38.7303463959911       -27.2795397739398     
   39.0700862766576       -21.0878023148442     
   39.4098261573242       -28.4235152020930     
   39.7495660379908       -7.59937154431370     
   40.0893059186574        3.06797081733817     
   40.4290457993240       -7.52582005918186     
   40.7687856799905       -14.8825040023337     
   41.1085255606573       -24.7560723549162     
   41.4482654413239       -24.2378964280257     
   41.7880053219904       -4.48316165572034     
   42.1277452026570        9.16851077035015     
   42.4674850833236        2.35073605485860     
   42.8072249639902       -21.1682944670290     
   43.1469648446568       -28.4113060018048     
   43.4867047253233       -35.5007137530989     
   43.8264446059899       -28.1099747260189     
   44.1661844866565       -14.1339462899273     
   44.5059243673231       -5.57166273742841     
   44.8456642479897       -19.1028762318526     
   45.1854041286562       -36.1665461837174     
   45.5251440093228       -42.6871118885504     
   45.8648838899892       -34.6353001820264     
   46.2046237706558       -22.5767706741204     
   46.5443636513224       -10.4944183720508     
   46.8841035319890       -12.4903145767152     
   47.2238434126555       -28.5336155403629     
   47.5635832933221       -18.2179717660682     
   47.9033231739887       -15.4813306490274     
   48.2430630546551       -32.0603758679820     
   48.5828029353217       -23.4518593318058     
   48.9225428159883       -10.5954311178266     
   49.2622826966549       -2.83578759004432     
   49.6020225773214        4.58978421947735     
   49.9417624579880        2.88403671465833     
   50.2815023386544       -2.85103010366418     
   50.6212422193210       0.522657669747057     
   50.9609820999876        12.1584181888453     
   51.3007219806542        12.2083134336086     
   51.6404618613207        16.8600219998264     
   51.9802017419873        22.8100863865822     
   52.3199416226537        21.8020900393996     
   52.6596815033203        7.72990289297636     
   52.9994213839869       -10.8404058733414     
   53.3391612646535       -21.8093542040815     
   53.6789011453200       -13.6608480737891     
   54.0186410259866        6.07338769534215     
   54.3583809066532        17.1207537983064     
   54.6981207873196        15.1939494536736     
   55.0378606679862       -13.4203768404501     
   55.3776005486528       -36.3608055588559     
   55.7173404293193       -36.2429499332088     
   56.0570803099859       -18.2392482238592     
   56.3968201906525       -12.2371590152997     
   56.7365600713189        3.80646577133879     
   57.0762999519855        8.84187251152704     
   57.4160398326521      -0.795193490643944     
   57.7557797133187       -17.7563854649429     
   58.0955195939852       -15.4769703724047     
   58.4352594746518       -31.1799763150388     
   58.7749993553184       -51.3767909832126     
   59.1147392359848       -56.6530016719972     
   59.4544791166514       -48.6052576129859     
   59.7942189973180       -46.1178035749570     
   60.1339588779845       -29.1772437039026     
   60.4736987586511       -20.4974071094773     
   60.8134386393177       -31.1502138554314     
   61.1531785199841       -30.3355921201898     
   61.4929184006507       -13.1594016021957     
   61.8326582813173       -9.23188456672626     
   62.1723981619839       -2.97194893136317     
   62.5121380426504        6.21206288857202     
   62.8518779233170        11.4124525987078     
   63.1916178039836       -5.53730569316493     
   63.5313576846500       -16.6095026114106     
   63.8710975653166       -5.93510451529340     
   64.2108374459831        3.05188929892910     
   64.5505773266497        32.5599848853962     
   64.8903172073163        71.7780649457506     
   65.2300570879829        88.6734459782170     
   65.5697969686493        67.5568546021401     
   65.9095368493159        42.9933228935418     
   66.2492767299825        20.4089720670931     
   66.5890166106490        21.1892730472206     
   66.9287564913156        28.1463614631064     
   67.2684963719822        30.0537825095097     
   67.6082362526486        24.0080828786388     
   67.9479761333152        22.6647235345480     
   68.2877160139818        11.7102529817379     
   68.6274558946483        21.9351399773773     
   68.9671957753149        54.6981898843072     
   69.3069356559815        58.7964048305906     
   69.6466755366481        56.2635423631587     
   69.9864154173145        45.4208796289396     
   70.3261552979811        33.3280984769956     
   70.6658951786477        47.3276242906850     
   71.0056350593142        54.6469882694459     
   71.3453749399808        38.3816250333235     
   71.6851148206474        29.6637212801288     
   72.0248547013138        14.1538510441233     
   72.3645945819804        9.79050479198848     
   72.7043344626470        27.0219553894130     
   73.0440743433135        40.3808938399864     
   73.3838142239801        47.6106854842470     
   73.7235541046467        43.0618174646678     
   74.0632939853133        35.1827072572122     
   74.4030338659797        36.3578398017830     
   74.7427737466463        44.2228750709811     
   75.0825136273128        43.4789300269809     
   75.4222535079794        40.2761200630342     
   75.7619933886460        47.2287206081636     
   76.1017332693126        68.4791414352306     
   76.4414731499790        61.1399534438260     
   76.7812130306456        41.2791694082956     
   77.1209529113121        50.3493972474163     
   77.4606927919787        49.2711455929764     
   77.8004326726453        37.0211130277270     
   78.1401725533119        36.9724819238878     
   78.4799124339783        56.5555484120978     
   78.8196523146449        69.2579342379295     
   79.1593921953115        51.0999985213461     
   79.4991320759780        26.6155537168213     
   79.8388719566446        4.71470076168465     
   80.1786118373112        25.0056813352019     
   80.5183517179778        50.3902904879969     
   80.8580915986442        55.7008662725361     
   81.1978314793108        39.2388626403353     
   81.5375713599773        29.7847938984235     
   81.8773112406439        40.0740325544310     
   82.2170511213105        32.5135866083887     
   82.5567910019771        9.40553727663558     
   82.8965308826435       -10.9085694593230     
   83.2362707633101       -22.0895789972416     
   83.5760106439766       -35.2491683400264     
   83.9157505246432       -28.4423837917009     
   84.2554904053098       -23.1562875126000     
   84.5952302859764       -22.4315853677708     
   84.9349701666430       -11.4076565130159     
   85.2747100473094        14.0278517233261     
   85.6144499279759        9.26766039819047     
   85.9541898086425        11.1102185217220     
   86.2939296893091        20.0273016850880     
   86.6336695699757        3.35648799927581     
   86.9734094506423       -27.8831271013536     
   87.3131493313087       -28.8882362301500     
   87.6528892119753       -23.0986570315584     
   87.9926290926418        3.16297785238335     
   88.3323689733084       -1.61746593257856     
   88.6721088539750       -8.02314633112237     
   89.0118487346416        9.74870986720151     
   89.3515886153080        23.9014962216459     
   89.6913284959746        52.0558342909265     
   90.0310683766411        49.6746746224018     
   90.3708082573077        31.3608446921065     
   90.7105481379743       -14.1723679255520     
   91.0502880186409       -14.1496964167627     
   91.3900278993075       -10.3755655011382     
   91.7297677799739       -21.8004909745125     
   92.0695076606405       -23.0982860270014     
   92.4092475413070       -32.0276672324429     
   92.7489874219736       -24.9777176278927     
   93.0887273026402       -10.9338937086813     
   93.4284671833068        1.30172290955680     
   93.7682070639732        19.9158411257710     
   94.1079469446397        20.9478538945538     
   94.4476868253063        24.1703392233935     
   94.7874267059729       -12.8174317889078     
   95.1271665866395       -47.4012704629601     
   95.4669064673061       -49.8209085026113     
   95.8066463479726       -31.0906593382024     
   96.1463862286391      -0.966487959040268     
   96.4861261093056        13.7576459130882     
   96.8258659899722        8.80206665423783     
   97.1656058706388       -7.87382193936492     
   97.5053457513054       -27.3119289277131     
   97.8450856319719       -47.9899854629338     
   98.1848255126384       -34.8937872747290     
   98.5245653933049       -15.0184829252100     
   98.8643052739715        5.03283774124383     
   99.2040451546381       -13.7653129719930     
   99.5437850353047       -26.6804253244814     
   99.8835249159713       -19.9903054446282     
   100.223264796638        8.22197744725801     
   100.563004677304        27.3444061758481     
   100.902744557971        10.6724693432943     
   101.242484438637       -10.6286997010370     
   101.582224319304       -31.1251890655762     
   101.921964199971       -41.7779994091670     
   102.261704080637       -32.7873687345572     
   102.601443961304       -23.9826615568615     
   102.941183841970       -44.9461894826541     
   103.280923722637       -43.7525821279339     
   103.620663603303       -16.8402018759829     
   103.960403483970        4.10323525267666     
   104.300143364636       -3.17878844680557     
   104.639883245303        20.5503785022845     
   104.979623125969        15.8765376804894     
   105.319363006636        2.76940631857945     
   105.659102887303       -6.93035468719542     
   105.998842767969        7.06176044682052     
   106.338582648636        4.61938833100167     
   106.678322529302        5.38404393677508     
   107.018062409969        26.1505360364950     
   107.357802290635        34.2000729247544     
   107.697542171302        33.2002860961834     
   108.037282051968        19.5246212483157     
   108.377021932635        5.55394744034767     
   108.716761813302        4.63229298146994     
   109.056501693968        16.7670156462129     
   109.396241574635       -14.9582698028614     
   109.735981455301       -25.1406730637194     
   110.075721335968       -39.7087468007939     
   110.415461216634       -73.8633070997623     
   110.755201097301       -78.8799149013876     
   111.094940977968       -64.1133318790889     
   111.434680858634       -48.9643670414877     
   111.774420739301       -17.7617510250688     
   112.114160619967       -35.6898429722899     
   112.453900500634       -63.9409884930184     
   112.793640381300       -80.6241049577855     
   113.133380261967       -57.6912984952859     
   113.473120142633       -55.1264274043947     
   113.812860023300       -59.4737941187630     
   114.152599903966       -45.5312268912138     
   114.492339784633       -9.99059608949760     
   114.832079665300        8.87381728720656     
   115.171819545966       -5.95628429095043     
   115.511559426633       -17.9582358919727     
   115.851299307299       -21.0704680688989     
   116.191039187966       -5.45288055150170     
   116.530779068632        4.10820086541026     
   116.870518949299        14.5914591942502     
   117.210258829965        6.60351701707782     
   117.549998710632       -9.80393174023028     
   117.889738591298        4.88598919392861     
   118.229478471965        25.6769334910576     
   118.569218352632        24.4219262397323     
   118.908958233298       -4.45030517552917     
   119.248698113965       -23.2240436070992     
   119.588437994631       -16.3404761881939     
   119.928177875298       -21.1502111259413     
   120.267917755964       -14.0462921887176     
   120.607657636631       -8.58984712331213     
   120.947397517297       -2.77826265408622     
   121.287137397964        8.06732175499218     
   121.626877278631        15.9940282362319     
   121.966617159297        24.3123930347157     
   122.306357039964        24.7265020936962     
   122.646096920630        16.7990094814244     
   122.985836801297       -7.39576070964899     
   123.325576681963       -12.0673478738001     
   123.665316562630        11.8748226543573     
   124.005056443297       -7.10602343337300     
   124.344796323963       -27.0596737369219     
   124.684536204629       -37.3687118788717     
   125.024276085296       -48.5379634119734     
   125.364015965963       -52.9497309279503     
   125.703755846629       -41.1182870663381     
   126.043495727296       -36.3381679461695     
   126.383235607962       -37.8670085735386     
   126.722975488629       -37.2379446861979     
   127.062715369295       -50.5694449230279     
   127.402455249962       -52.4825981591589     
   127.742195130629       -29.5368804596695     
   128.081935011295       -23.8685534072335     
   128.421674891962       -4.33858348932697     
   128.761414772628        31.4347821056674     
   129.101154653295        58.9650446320363     
   129.440894533961        77.7340552082431     
   129.780634414628        70.3437722750570     
   130.120374295294        46.2346910473121     
   130.460114175961        19.1622664308273     
   130.799854056627       -23.0995837619884     
   131.139593937294       -43.8434003618420     
   131.479333817961       -45.7476296340913     
   131.819073698627       -37.2953984176118     
   132.158813579294       -33.9393487192833     
   132.498553459960       -26.9783028071464     
   132.838293340627        27.4721377626626     
   133.178033221293        58.0251740084984     
   133.517773101960        59.7456660303712     
   133.857512982626        67.8556874997928     
   134.197252863293        51.6997461235457     
   134.536992743960        38.0661044061611     
   134.876732624626       -16.9656992417724     
   135.216472505293       -43.1929446673905     
   135.556212385959       -48.2461079395291     
   135.895952266626       -50.3272401429882     
   136.235692147292       -61.4102517647011     
   136.575432027959       -68.0325753741958     
   136.915171908626       -57.9586682711144     
   137.254911789292       -72.0473108287748     
   137.594651669958       -74.4802145290727     
   137.934391550625       -46.1998521962448     
   138.274131431292        1.65563314256912     
   138.613871311958        32.1596807078811     
   138.953611192625        20.9957285192100     
   139.293351073291        16.6918050139988     
   139.633090953958       -12.0781132303810     
   139.972830834624        10.7162998549570     
   140.312570715291        31.8656649738012     
   140.652310595958        43.3991055753430     
   140.992050476624        40.4179830327275     
   141.331790357291        40.9932939059403     
   141.671530237957       -29.2472949264787     
   142.011270118624       -61.2405975101123     
   142.351009999290       -43.1586539534622     
   142.690749879957       -37.0509615027164     
   143.030489760623       -49.2640943567352     
   143.370229641290       -27.2079776050942     
   143.709969521957       -16.6226164643373     
   144.049709402623       -3.14397750962920     
   144.389449283290        18.8604225742980     
   144.729189163956        45.7028963306346     
   145.068929044623        69.8186067861884     
   145.408668925289        78.9798571841911     
   145.748408805956        96.4390470903989     
   146.088148686622        117.367776102149     
   146.427888567289        117.623119007753     
   146.767628447955        81.1187672493090     
   147.107368328622        66.9575274138622     
   147.447108209289        48.7490608779287     
   147.786848089955        41.2331932937308     
   148.126587970622        61.6054244718361     
   148.466327851288        68.5110795516049     
   148.806067731955        50.5190671641040     
   149.145807612621       -10.1293564016805     
   149.485547493288       -27.9713215872449     
   149.825287373954       -3.75508032054947     
   150.165027254621        55.8782651480557     
   150.504767135287        71.9049653179419     
   150.844507015954        48.9779026272806     
   151.184246896621        12.9991417064596     
   151.523986777287        23.1219447921400     
   151.863726657954        42.1717457221107     
   152.203466538620        48.6817981198086     
   152.543206419287        7.45683635948038     
   152.882946299953        4.11382627230615     
   153.222686180620       -20.1910481482795     
   153.562426061287       -12.7050972948044     
   153.902165941953        14.8536577098407     
   154.241905822620        32.9195386562094     
   154.581645703286        30.0025195483863     
   154.921385583953        70.0822825112100     
   155.261125464619        86.7348413943830     
   155.600865345286        77.9169734939507     
   155.940605225952        33.8487075592718     
   156.280345106619        15.1040134470203     
   156.620084987286        34.9835651771270     
   156.959824867952        88.0619546422336     
   157.299564748619        107.563585676323     
   157.639304629285        107.484028079493     
   157.979044509952        53.7545650865154     
   158.318784390618       -14.7497971733823     
   158.658524271285        8.40711259667494     
   158.998264151951        57.5643840516501     
   159.338004032618        114.143402793506     
   159.677743913284        118.450665539278     
   160.017483793951        56.3818127002092     
   160.357223674618       -37.3569505415878     
   160.696963555284       -44.9946207519644     
   161.036703435951       -33.0438990343831     
   161.376443316617       -24.8615190943143     
   161.716183197284       -29.0495268798776     
   162.055923077950       -28.3391970094501     
   162.395662958617        13.2294218076587     
   162.735402839283       -18.9142636174014     
   163.075142719950       -43.2363131071096     
   163.414882600617       -39.2190541495190     
   163.754622481283       -56.2650243512998     
   164.094362361950       -24.5161165553548     
   164.434102242616        11.8192190355452     
   164.773842123283       -20.9784302253620     
   165.113582003949       -88.5013203119206     
   165.453321884616       -104.594996825136     
   165.793061765282       -91.5254414496335     
   166.132801645949       -7.11749861550259     
   166.472541526616        143.197147079662     
   166.812281407282        169.063469526550     
   167.152021287949        123.950515548595     
   167.491761168615        84.7215535677760     
   167.831501049282        38.3783120641415     
   168.171240929948        21.8481170807957     
   168.510980810615        121.991633632610     
   168.850720691281        168.110027448419     
   169.190460571948        213.592676951195     
   169.530200452615        48.9783433516172     
